"","state","date","total_cases","total_deaths","new_cases","new_deaths"
"1","New York",2021-03-01,999533,34595,4649,90
"2","New York",2021-03-02,1004065,34673,4532,78
"3","New York",2021-03-03,1008239,34775,4174,102
"4","New York",2021-03-04,1013208,34861,4969,86
"5","New York",2021-03-05,1018487,34932,5279,71
"6","New York",2021-03-06,1024070,35002,5583,70
"7","New York",2021-03-07,1029443,35073,5373,71
"8","New York",2021-03-08,1033143,35120,3700,47
"9","New York",2021-03-09,1037991,35177,4848,57
"10","New York",2021-03-10,1041995,35253,4004,76
"11","New York",2021-03-11,1046904,35352,4909,99
"12","New York",2021-03-12,1052423,35408,5519,56
"13","New York",2021-03-13,1056332,35474,3909,66
"14","New York",2021-03-14,1061009,35562,4677,88
"15","New York",2021-03-15,1066235,35614,5226,52
"16","New York",2021-03-16,1070833,35688,4598,74
"17","New York",2021-03-17,1074970,35737,4137,49
"18","New York",2021-03-18,1077791,35815,2821,78
"19","New York",2021-03-19,1080286,35875,2495,60
"20","New York",2021-03-20,1084281,35925,3995,50
"21","New York",2021-03-21,1085351,35934,1070,9
"22","New York",2021-03-22,1088447,35942,3096,8
"23","New York",2021-03-23,1092822,35949,4375,7
"24","New York",2021-03-24,1110577,36188,17755,239
"25","New York",2021-03-25,1116359,36251,5782,63
"26","New York",2021-03-26,1121425,36302,5066,51
"27","New York",2021-03-27,1127063,36366,5638,64
"28","New York",2021-03-28,1133023,36448,5960,82
"29","New York",2021-03-29,1139502,36546,6479,98
"30","New York",2021-03-30,1142772,36583,3270,37
"31","New York",2021-03-31,1147572,36657,4800,74
"32","New York",2021-04-01,1153527,36722,5955,65
"33","New York",2021-04-02,1158713,36783,5186,61
"34","New York",2021-04-03,1163421,36861,4708,78
"35","New York",2021-04-04,1168332,36933,4911,72
"36","New York",2021-04-05,1172446,36990,4114,57
"37","New York",2021-04-06,1176541,37026,4095,36
"38","New York",2021-04-07,1180253,37100,3712,74
"39","New York",2021-04-08,1185724,37146,5471,46
"40","New York",2021-04-09,1190790,37209,5066,63
"41","New York",2021-04-10,1195295,37253,4505,44
"42","New York",2021-04-11,1199238,37318,3943,65
"43","New York",2021-04-12,1202949,37385,3711,67
"44","New York",2021-04-13,1205925,37422,2976,37
"45","New York",2021-04-14,1209335,37496,3410,74
"46","New York",2021-04-15,1213142,37551,3807,55
"47","New York",2021-04-16,1217129,37590,3987,39
"48","New York",2021-04-17,1220247,37638,3118,48
"49","New York",2021-04-18,1223470,37673,3223,35
"50","New York",2021-04-19,1226972,37702,3502,29
"51","New York",2021-04-20,1229954,37746,2982,44
"52","New York",2021-04-21,1232355,37769,2401,23
"53","New York",2021-04-22,1235406,37828,3051,59
"54","New York",2021-04-23,1238039,37873,2633,45
"55","New York",2021-04-24,1240425,37924,2386,51
"56","New York",2021-04-25,1242793,37959,2368,35
"57","New York",2021-04-26,1244485,37980,1692,21
"58","New York",2021-04-27,1246613,38047,2128,67
"59","New York",2021-04-28,1248114,38056,1501,9
"60","New York",2021-04-29,1249907,38115,1793,59
"61","New York",2021-04-30,1251899,38150,1992,35
"62","New York",2021-05-01,1254012,38202,2113,52
"63","New York",2021-05-02,1255590,38236,1578,34
"64","New York",2021-05-03,1256980,38274,1390,38
"65","New York",2021-05-04,1258112,38312,1132,38
"66","New York",2021-05-05,1259372,38358,1260,46
"67","New York",2021-05-06,1260704,38383,1332,25
"68","New York",2021-05-07,1261925,38413,1221,30
"69","New York",2021-05-08,1263345,38441,1420,28
"70","New York",2021-05-09,1264506,38469,1161,28
"71","New York",2021-05-10,1265419,38500,913,31
"72","New York",2021-05-11,1266066,38525,647,25
"73","New York",2021-05-12,1267126,38573,1060,48
"74","New York",2021-05-13,1268171,38608,1045,35
"75","New York",2021-05-14,1269138,38635,967,27
"76","New York",2021-05-15,1269730,38636,592,1
"77","New York",2021-05-16,1270809,38665,1079,29
"78","New York",2021-05-17,1271509,38692,700,27
"79","New York",2021-05-18,1272522,38716,1013,24
"80","New York",2021-05-19,1273011,38731,489,15
"81","New York",2021-05-20,1273781,38744,770,13
"82","New York",2021-05-21,1274551,38763,770,19
"83","New York",2021-05-22,1275150,38771,599,8
"84","New York",2021-05-23,1275687,38786,537,15
"85","New York",2021-05-24,1276137,38809,450,23
"86","New York",2021-05-25,1276679,38823,542,14
"87","New York",2021-05-26,1277044,38836,365,13
"88","New York",2021-05-27,1277663,38852,619,16
"89","New York",2021-05-28,1278144,38868,481,16
"90","New York",2021-05-29,1278567,38878,423,10
"91","New York",2021-05-30,1279022,38887,455,9
"92","New York",2021-05-31,1279296,38897,274,10
"93","New York",2021-06-01,1279599,38916,303,19
"94","New York",2021-06-02,1279778,38921,179,5
"95","New York",2021-06-03,1280023,38934,245,13
"96","New York",2021-06-04,1280418,38955,395,21
"97","New York",2021-06-05,1280850,38961,432,6
"98","New York",2021-06-06,1281072,38983,222,22
"99","New York",2021-06-07,1281356,38989,284,6
"100","New York",2021-06-08,1281645,38992,289,3
"101","New York",2021-06-09,1281907,38997,262,5
"102","New York",2021-06-10,1282253,39006,346,9
"103","New York",2021-06-11,1282732,39016,479,10
"104","New York",2021-06-12,1282978,39026,246,10
"105","New York",2021-06-13,1283192,39033,214,7
"106","New York",2021-06-14,1283436,39038,244,5
"107","New York",2021-06-15,1283662,39050,226,12
"108","New York",2021-06-16,1283828,39049,166,-1
"109","New York",2021-06-17,1284113,39061,285,12
"110","New York",2021-06-18,1284395,39062,282,1
"111","New York",2021-06-19,1284644,39065,249,3
"112","New York",2021-06-20,1284851,39065,207,0
"113","New York",2021-06-21,1285051,39070,200,5
"114","New York",2021-06-22,1285217,39080,166,10
"115","New York",2021-06-23,1285370,39083,153,3
"116","New York",2021-06-24,1285639,39079,269,-4
"117","New York",2021-06-25,1285878,39084,239,5
"118","New York",2021-06-26,1286109,39087,231,3
"119","New York",2021-06-27,1286377,39101,268,14
"120","New York",2021-06-28,1286599,39107,222,6
"121","New York",2021-06-29,1286771,39111,172,4
"122","New York",2021-06-30,1286945,39111,174,0
"123","New York",2021-07-01,1287214,39122,269,11
"124","New York",2021-07-02,1287493,39123,279,1
"125","New York",2021-07-03,1287671,39123,178,0
"126","New York",2021-07-04,1287862,39132,191,9
"127","New York",2021-07-05,1288133,39136,271,4
"128","New York",2021-07-06,1288343,39138,210,2
"129","New York",2021-07-07,1288557,39142,214,4
"130","New York",2021-07-08,1289026,39144,469,2
"131","New York",2021-07-09,1289547,39146,521,2
"132","New York",2021-07-10,1290108,39153,561,7
"133","New York",2021-07-11,1290736,39155,628,2
"134","New York",2021-07-12,1291229,39157,493,2
"135","New York",2021-07-13,1291703,39158,474,1
"136","New York",2021-07-14,1292184,39167,481,9
"137","New York",2021-07-15,1292841,39172,657,5
"138","New York",2021-07-16,1293213,39172,372,0
"139","New York",2021-07-17,1294358,39177,1145,5
"140","New York",2021-07-18,1295145,39186,787,9
"141","New York",2021-07-19,1295846,39190,701,4
"142","New York",2021-07-20,1296631,39194,785,4
"143","New York",2021-07-21,1297322,39199,691,5
"144","New York",2021-07-22,1298472,39205,1150,6
"145","New York",2021-07-23,1299624,39206,1152,1
"146","New York",2021-07-24,1301001,39209,1377,3
"147","New York",2021-07-25,1302354,39211,1353,2
"148","New York",2021-07-26,1303526,39216,1172,5
"149","New York",2021-07-27,1304603,39217,1077,1
"150","New York",2021-07-28,1305727,39227,1124,10
"151","New York",2021-07-29,1307509,39229,1782,2
"152","New York",2021-07-30,1309271,39235,1762,6
"153","New York",2021-07-31,1311446,39244,2175,9
"154","New York",2021-08-01,1313149,39248,1703,4
"155","New York",2021-08-02,1314737,39255,1588,7
"156","New York",2021-08-03,1316767,39267,2030,12
"157","New York",2021-08-04,1318498,39270,1731,3
